{"data":[{"type":"surface","z":[[0.04000000000000001,0.0354475401686445,0.022658179894020847,0.00409710560500354,-0.01656854249492383,-0.035060293230775356,-0.04718321708413098,-0.04951758836219321,-0.04000000000000001,-0.018303136839612665,0.014046132094283407,0.053830944052360996,0.0965685424949238,0.1371322435734108,0.17047890509582678,0.19237318503316136,0.2,0.19237318503316136,0.17047890509582678,0.1371322435734108,0.0965685424949238,0.053830944052360996,0.014046132094283407,-0.018303136839612665,-0.04000000000000001,-0.04951758836219321,-0.04718321708413098,-0.035060293230775356,-0.01656854249492383,0.00409710560500354,0.022658179894020847,0.0354475401686445],[0.0354475401686445,0.03141320260019163,0.02007941854854193,0.0036308078877135366,-0.014682851890617644,-0.031070028815559102,-0.041813224571890156,-0.04388191756308117,-0.0354475401686445,-0.01622002945835917,0.012447520790654943,0.047704363790303024,0.0855779322279066,0.12152501781212052,0.15107644590727132,0.1704789050958267,0.1772377008432225,0.1704789050958267,0.15107644590727132,0.12152501781212052,0.0855779322279066,0.047704363790303024,0.012447520790654943,-0.01622002945835917,-0.0354475401686445,-0.04388191756308117,-0.041813224571890156,-0.031070028815559102,-0.014682851890617644,0.0036308078877135366,0.02007941854854193,0.03141320260019163],[0.022658179894020847,0.02007941854854193,0.012834827902745264,0.0023208238960742826,-0.009385325410792828,-0.01986006077900073,-0.02672714551677194,-0.028049460625716168,-0.022658179894020847,-0.010367894178420599,0.00795649469518633,0.030492780355084174,0.0547016851988345,0.07767917610392565,0.09656854249492376,0.10897065583167823,0.11329089947010423,0.10897065583167823,0.09656854249492376,0.07767917610392565,0.0547016851988345,0.030492780355084174,0.00795649469518633,-0.010367894178420599,-0.022658179894020847,-0.028049460625716168,-0.02672714551677194,-0.01986006077900073,-0.009385325410792828,0.0023208238960742826,0.012834827902745264,0.02007941854854193],[0.00409710560500354,0.0036308078877135366,0.0023208238960742826,0.00041965685846378543,-0.0016970767080672937,-0.0035911430977219336,-0.004832865579437295,-0.0050719697206249945,-0.00409710560500354,-0.001874747113368095,0.0014387121633027162,0.005513776564989004,0.009891287918074369,0.0140461320942833,0.017461751940074457,0.01970433136629371,0.020485528025017696,0.01970433136629371,0.017461751940074457,0.0140461320942833,0.009891287918074369,0.005513776564989004,0.0014387121633027162,-0.001874747113368095,-0.00409710560500354,-0.0050719697206249945,-0.004832865579437295,-0.0035911430977219336,-0.0016970767080672937,0.00041965685846378543,0.0023208238960742826,0.0036308078877135366],[-0.01656854249492383,-0.014682851890617644,-0.009385325410792828,-0.0016970767080672937,0.006862915010152419,0.014522448956964792,0.019543928432641005,0.020510856675628596,0.01656854249492383,0.007581407512938207,-0.0058180984123362015,-0.02229750710183526,-0.04000000000000006,-0.05680203512675756,-0.07061467458920731,-0.07968358227764448,-0.08284271247461915,-0.07968358227764448,-0.07061467458920731,-0.05680203512675756,-0.04000000000000006,-0.02229750710183526,-0.0058180984123362015,0.007581407512938207,0.01656854249492383,0.020510856675628596,0.019543928432641005,0.014522448956964792,0.006862915010152419,-0.0016970767080672937,-0.009385325410792828,-0.014682851890617644],[-0.035060293230775356,-0.031070028815559102,-0.01986006077900073,-0.0035911430977219336,0.014522448956964792,0.0307306040356988,0.04135643566352403,0.04340252920148307,0.035060293230775356,0.01604283361599567,-0.012311537749594523,-0.04718321708413097,-0.08464303541851546,-0.12019741677694729,-0.14942601005803022,-0.16861650692502103,-0.17530146615387676,-0.16861650692502103,-0.14942601005803022,-0.12019741677694729,-0.08464303541851546,-0.04718321708413097,-0.012311537749594523,0.01604283361599567,0.035060293230775356,0.04340252920148307,0.04135643566352403,0.0307306040356988,0.014522448956964792,-0.0035911430977219336,-0.01986006077900073,-0.031070028815559102],[-0.04718321708413098,-0.041813224571890156,-0.02672714551677194,-0.004832865579437295,0.019543928432641005,0.04135643566352403,0.055656399360205736,0.0584099780294,0.04718321708413098,0.021590021970599983,-0.016568542494923833,-0.06349792797665646,-0.11391036260090293,-0.16175851044395417,-0.20109357968503394,-0.22691964376463372,-0.2359160854206549,-0.22691964376463372,-0.20109357968503394,-0.16175851044395417,-0.11391036260090293,-0.06349792797665646,-0.016568542494923833,0.021590021970599983,0.04718321708413098,0.0584099780294,0.055656399360205736,0.04135643566352403,0.019543928432641005,-0.004832865579437295,-0.02672714551677194,-0.041813224571890156],[-0.04951758836219321,-0.04388191756308117,-0.028049460625716168,-0.0050719697206249945,0.020510856675628596,0.04340252920148307,0.0584099780294,0.061299788930190294,0.04951758836219321,0.022658179894020844,-0.01738826467814291,-0.0666394632183266,-0.11954603340001496,-0.16976144971130427,-0.21104260617431378,-0.23814640470990278,-0.24758794181096602,-0.23814640470990278,-0.21104260617431378,-0.16976144971130427,-0.11954603340001496,-0.0666394632183266,-0.01738826467814291,0.022658179894020844,0.04951758836219321,0.061299788930190294,0.0584099780294,0.04340252920148307,0.020510856675628596,-0.0050719697206249945,-0.028049460625716168,-0.04388191756308117],[-0.04000000000000001,-0.0354475401686445,-0.022658179894020847,-0.00409710560500354,0.01656854249492383,0.035060293230775356,0.04718321708413098,0.04951758836219321,0.04000000000000001,0.018303136839612665,-0.014046132094283407,-0.053830944052360996,-0.0965685424949238,-0.1371322435734108,-0.17047890509582678,-0.19237318503316136,-0.2,-0.19237318503316136,-0.17047890509582678,-0.1371322435734108,-0.0965685424949238,-0.053830944052360996,-0.014046132094283407,0.018303136839612665,0.04000000000000001,0.04951758836219321,0.04718321708413098,0.035060293230775356,0.01656854249492383,-0.00409710560500354,-0.022658179894020847,-0.0354475401686445],[-0.018303136839612665,-0.01622002945835917,-0.010367894178420599,-0.001874747113368095,0.007581407512938207,0.01604283361599567,0.021590021970599983,0.022658179894020844,0.018303136839612665,0.008375120454239656,-0.00642720694472361,-0.02463187837989742,-0.044187681192163514,-0.0627487554811808,-0.07800746820590646,-0.08802581824835198,-0.09151568419806332,-0.08802581824835198,-0.07800746820590646,-0.0627487554811808,-0.044187681192163514,-0.02463187837989742,-0.00642720694472361,0.008375120454239656,0.018303136839612665,0.022658179894020844,0.021590021970599983,0.01604283361599567,0.007581407512938207,-0.001874747113368095,-0.010367894178420599,-0.01622002945835917],[0.014046132094283407,0.012447520790654943,0.00795649469518633,0.0014387121633027162,-0.0058180984123362015,-0.012311537749594523,-0.016568542494923833,-0.01738826467814291,-0.014046132094283407,-0.00642720694472361,0.004932345670251459,0.018902913772986054,0.033910362600903,0.04815444019043937,0.05986423050661968,0.0675524792093452,0.07023066047141703,0.0675524792093452,0.05986423050661968,0.04815444019043937,0.033910362600903,0.018902913772986054,0.004932345670251459,-0.00642720694472361,-0.014046132094283407,-0.01738826467814291,-0.016568542494923833,-0.012311537749594523,-0.0058180984123362015,0.0014387121633027162,0.00795649469518633,0.012447520790654943],[0.053830944052360996,0.047704363790303024,0.030492780355084174,0.005513776564989004,-0.02229750710183526,-0.04718321708413097,-0.06349792797665646,-0.0666394632183266,-0.053830944052360996,-0.02463187837989742,0.018902913772986054,0.0724442634392105,0.1299593952065572,0.18454895328937546,0.22942601005803026,0.258890754017365,0.269154720261805,0.258890754017365,0.22942601005803026,0.18454895328937546,0.1299593952065572,0.0724442634392105,0.018902913772986054,-0.02463187837989742,-0.053830944052360996,-0.0666394632183266,-0.06349792797665646,-0.04718321708413097,-0.02229750710183526,0.005513776564989004,0.030492780355084174,0.047704363790303024],[0.0965685424949238,0.0855779322279066,0.0547016851988345,0.009891287918074369,-0.04000000000000006,-0.08464303541851546,-0.11391036260090293,-0.11954603340001496,-0.0965685424949238,-0.044187681192163514,0.033910362600903,0.1299593952065572,0.23313708498984756,0.331066522273579,0.41157248478086067,0.464429952343967,0.48284271247461896,0.464429952343967,0.41157248478086067,0.331066522273579,0.23313708498984756,0.1299593952065572,0.033910362600903,-0.044187681192163514,-0.0965685424949238,-0.11954603340001496,-0.11391036260090293,-0.08464303541851546,-0.04000000000000006,0.009891287918074369,0.0547016851988345,0.0855779322279066],[0.1371322435734108,0.12152501781212052,0.07767917610392565,0.0140461320942833,-0.05680203512675756,-0.12019741677694729,-0.16175851044395417,-0.16976144971130427,-0.1371322435734108,-0.0627487554811808,0.04815444019043937,0.18454895328937546,0.331066522273579,0.47013130568693173,0.5844538684432325,0.6595141616740078,0.685661217867054,0.6595141616740078,0.5844538684432325,0.47013130568693173,0.331066522273579,0.18454895328937546,0.04815444019043937,-0.0627487554811808,-0.1371322435734108,-0.16976144971130427,-0.16175851044395417,-0.12019741677694729,-0.05680203512675756,0.0140461320942833,0.07767917610392565,0.12152501781212052],[0.17047890509582678,0.15107644590727132,0.09656854249492376,0.017461751940074457,-0.07061467458920731,-0.14942601005803022,-0.20109357968503394,-0.21104260617431378,-0.17047890509582678,-0.07800746820590646,0.05986423050661968,0.22942601005803026,0.41157248478086067,0.5844538684432325,0.7265764270667978,0.819889248856256,0.8523945254791339,0.819889248856256,0.7265764270667978,0.5844538684432325,0.41157248478086067,0.22942601005803026,0.05986423050661968,-0.07800746820590646,-0.17047890509582678,-0.21104260617431378,-0.20109357968503394,-0.14942601005803022,-0.07061467458920731,0.017461751940074457,0.09656854249492376,0.15107644590727132],[0.19237318503316136,0.1704789050958267,0.10897065583167823,0.01970433136629371,-0.07968358227764448,-0.16861650692502103,-0.22691964376463372,-0.23814640470990278,-0.19237318503316136,-0.08802581824835198,0.0675524792093452,0.258890754017365,0.464429952343967,0.6595141616740078,0.819889248856256,0.9251860579950735,0.9618659251658068,0.9251860579950735,0.819889248856256,0.6595141616740078,0.464429952343967,0.258890754017365,0.0675524792093452,-0.08802581824835198,-0.19237318503316136,-0.23814640470990278,-0.22691964376463372,-0.16861650692502103,-0.07968358227764448,0.01970433136629371,0.10897065583167823,0.1704789050958267],[0.2,0.1772377008432225,0.11329089947010423,0.020485528025017696,-0.08284271247461915,-0.17530146615387676,-0.2359160854206549,-0.24758794181096602,-0.2,-0.09151568419806332,0.07023066047141703,0.269154720261805,0.48284271247461896,0.685661217867054,0.8523945254791339,0.9618659251658068,1,0.9618659251658068,0.8523945254791339,0.685661217867054,0.48284271247461896,0.269154720261805,0.07023066047141703,-0.09151568419806332,-0.2,-0.24758794181096602,-0.2359160854206549,-0.17530146615387676,-0.08284271247461915,0.020485528025017696,0.11329089947010423,0.1772377008432225],[0.19237318503316136,0.1704789050958267,0.10897065583167823,0.01970433136629371,-0.07968358227764448,-0.16861650692502103,-0.22691964376463372,-0.23814640470990278,-0.19237318503316136,-0.08802581824835198,0.0675524792093452,0.258890754017365,0.464429952343967,0.6595141616740078,0.819889248856256,0.9251860579950735,0.9618659251658068,0.9251860579950735,0.819889248856256,0.6595141616740078,0.464429952343967,0.258890754017365,0.0675524792093452,-0.08802581824835198,-0.19237318503316136,-0.23814640470990278,-0.22691964376463372,-0.16861650692502103,-0.07968358227764448,0.01970433136629371,0.10897065583167823,0.1704789050958267],[0.17047890509582678,0.15107644590727132,0.09656854249492376,0.017461751940074457,-0.07061467458920731,-0.14942601005803022,-0.20109357968503394,-0.21104260617431378,-0.17047890509582678,-0.07800746820590646,0.05986423050661968,0.22942601005803026,0.41157248478086067,0.5844538684432325,0.7265764270667978,0.819889248856256,0.8523945254791339,0.819889248856256,0.7265764270667978,0.5844538684432325,0.41157248478086067,0.22942601005803026,0.05986423050661968,-0.07800746820590646,-0.17047890509582678,-0.21104260617431378,-0.20109357968503394,-0.14942601005803022,-0.07061467458920731,0.017461751940074457,0.09656854249492376,0.15107644590727132],[0.1371322435734108,0.12152501781212052,0.07767917610392565,0.0140461320942833,-0.05680203512675756,-0.12019741677694729,-0.16175851044395417,-0.16976144971130427,-0.1371322435734108,-0.0627487554811808,0.04815444019043937,0.18454895328937546,0.331066522273579,0.47013130568693173,0.5844538684432325,0.6595141616740078,0.685661217867054,0.6595141616740078,0.5844538684432325,0.47013130568693173,0.331066522273579,0.18454895328937546,0.04815444019043937,-0.0627487554811808,-0.1371322435734108,-0.16976144971130427,-0.16175851044395417,-0.12019741677694729,-0.05680203512675756,0.0140461320942833,0.07767917610392565,0.12152501781212052],[0.0965685424949238,0.0855779322279066,0.0547016851988345,0.009891287918074369,-0.04000000000000006,-0.08464303541851546,-0.11391036260090293,-0.11954603340001496,-0.0965685424949238,-0.044187681192163514,0.033910362600903,0.1299593952065572,0.23313708498984756,0.331066522273579,0.41157248478086067,0.464429952343967,0.48284271247461896,0.464429952343967,0.41157248478086067,0.331066522273579,0.23313708498984756,0.1299593952065572,0.033910362600903,-0.044187681192163514,-0.0965685424949238,-0.11954603340001496,-0.11391036260090293,-0.08464303541851546,-0.04000000000000006,0.009891287918074369,0.0547016851988345,0.0855779322279066],[0.053830944052360996,0.047704363790303024,0.030492780355084174,0.005513776564989004,-0.02229750710183526,-0.04718321708413097,-0.06349792797665646,-0.0666394632183266,-0.053830944052360996,-0.02463187837989742,0.018902913772986054,0.0724442634392105,0.1299593952065572,0.18454895328937546,0.22942601005803026,0.258890754017365,0.269154720261805,0.258890754017365,0.22942601005803026,0.18454895328937546,0.1299593952065572,0.0724442634392105,0.018902913772986054,-0.02463187837989742,-0.053830944052360996,-0.0666394632183266,-0.06349792797665646,-0.04718321708413097,-0.02229750710183526,0.005513776564989004,0.030492780355084174,0.047704363790303024],[0.014046132094283407,0.012447520790654943,0.00795649469518633,0.0014387121633027162,-0.0058180984123362015,-0.012311537749594523,-0.016568542494923833,-0.01738826467814291,-0.014046132094283407,-0.00642720694472361,0.004932345670251459,0.018902913772986054,0.033910362600903,0.04815444019043937,0.05986423050661968,0.0675524792093452,0.07023066047141703,0.0675524792093452,0.05986423050661968,0.04815444019043937,0.033910362600903,0.018902913772986054,0.004932345670251459,-0.00642720694472361,-0.014046132094283407,-0.01738826467814291,-0.016568542494923833,-0.012311537749594523,-0.0058180984123362015,0.0014387121633027162,0.00795649469518633,0.012447520790654943],[-0.018303136839612665,-0.01622002945835917,-0.010367894178420599,-0.001874747113368095,0.007581407512938207,0.01604283361599567,0.021590021970599983,0.022658179894020844,0.018303136839612665,0.008375120454239656,-0.00642720694472361,-0.02463187837989742,-0.044187681192163514,-0.0627487554811808,-0.07800746820590646,-0.08802581824835198,-0.09151568419806332,-0.08802581824835198,-0.07800746820590646,-0.0627487554811808,-0.044187681192163514,-0.02463187837989742,-0.00642720694472361,0.008375120454239656,0.018303136839612665,0.022658179894020844,0.021590021970599983,0.01604283361599567,0.007581407512938207,-0.001874747113368095,-0.010367894178420599,-0.01622002945835917],[-0.04000000000000001,-0.0354475401686445,-0.022658179894020847,-0.00409710560500354,0.01656854249492383,0.035060293230775356,0.04718321708413098,0.04951758836219321,0.04000000000000001,0.018303136839612665,-0.014046132094283407,-0.053830944052360996,-0.0965685424949238,-0.1371322435734108,-0.17047890509582678,-0.19237318503316136,-0.2,-0.19237318503316136,-0.17047890509582678,-0.1371322435734108,-0.0965685424949238,-0.053830944052360996,-0.014046132094283407,0.018303136839612665,0.04000000000000001,0.04951758836219321,0.04718321708413098,0.035060293230775356,0.01656854249492383,-0.00409710560500354,-0.022658179894020847,-0.0354475401686445],[-0.04951758836219321,-0.04388191756308117,-0.028049460625716168,-0.0050719697206249945,0.020510856675628596,0.04340252920148307,0.0584099780294,0.061299788930190294,0.04951758836219321,0.022658179894020844,-0.01738826467814291,-0.0666394632183266,-0.11954603340001496,-0.16976144971130427,-0.21104260617431378,-0.23814640470990278,-0.24758794181096602,-0.23814640470990278,-0.21104260617431378,-0.16976144971130427,-0.11954603340001496,-0.0666394632183266,-0.01738826467814291,0.022658179894020844,0.04951758836219321,0.061299788930190294,0.0584099780294,0.04340252920148307,0.020510856675628596,-0.0050719697206249945,-0.028049460625716168,-0.04388191756308117],[-0.04718321708413098,-0.041813224571890156,-0.02672714551677194,-0.004832865579437295,0.019543928432641005,0.04135643566352403,0.055656399360205736,0.0584099780294,0.04718321708413098,0.021590021970599983,-0.016568542494923833,-0.06349792797665646,-0.11391036260090293,-0.16175851044395417,-0.20109357968503394,-0.22691964376463372,-0.2359160854206549,-0.22691964376463372,-0.20109357968503394,-0.16175851044395417,-0.11391036260090293,-0.06349792797665646,-0.016568542494923833,0.021590021970599983,0.04718321708413098,0.0584099780294,0.055656399360205736,0.04135643566352403,0.019543928432641005,-0.004832865579437295,-0.02672714551677194,-0.041813224571890156],[-0.035060293230775356,-0.031070028815559102,-0.01986006077900073,-0.0035911430977219336,0.014522448956964792,0.0307306040356988,0.04135643566352403,0.04340252920148307,0.035060293230775356,0.01604283361599567,-0.012311537749594523,-0.04718321708413097,-0.08464303541851546,-0.12019741677694729,-0.14942601005803022,-0.16861650692502103,-0.17530146615387676,-0.16861650692502103,-0.14942601005803022,-0.12019741677694729,-0.08464303541851546,-0.04718321708413097,-0.012311537749594523,0.01604283361599567,0.035060293230775356,0.04340252920148307,0.04135643566352403,0.0307306040356988,0.014522448956964792,-0.0035911430977219336,-0.01986006077900073,-0.031070028815559102],[-0.01656854249492383,-0.014682851890617644,-0.009385325410792828,-0.0016970767080672937,0.006862915010152419,0.014522448956964792,0.019543928432641005,0.020510856675628596,0.01656854249492383,0.007581407512938207,-0.0058180984123362015,-0.02229750710183526,-0.04000000000000006,-0.05680203512675756,-0.07061467458920731,-0.07968358227764448,-0.08284271247461915,-0.07968358227764448,-0.07061467458920731,-0.05680203512675756,-0.04000000000000006,-0.02229750710183526,-0.0058180984123362015,0.007581407512938207,0.01656854249492383,0.020510856675628596,0.019543928432641005,0.014522448956964792,0.006862915010152419,-0.0016970767080672937,-0.009385325410792828,-0.014682851890617644],[0.00409710560500354,0.0036308078877135366,0.0023208238960742826,0.00041965685846378543,-0.0016970767080672937,-0.0035911430977219336,-0.004832865579437295,-0.0050719697206249945,-0.00409710560500354,-0.001874747113368095,0.0014387121633027162,0.005513776564989004,0.009891287918074369,0.0140461320942833,0.017461751940074457,0.01970433136629371,0.020485528025017696,0.01970433136629371,0.017461751940074457,0.0140461320942833,0.009891287918074369,0.005513776564989004,0.0014387121633027162,-0.001874747113368095,-0.00409710560500354,-0.0050719697206249945,-0.004832865579437295,-0.0035911430977219336,-0.0016970767080672937,0.00041965685846378543,0.0023208238960742826,0.0036308078877135366],[0.022658179894020847,0.02007941854854193,0.012834827902745264,0.0023208238960742826,-0.009385325410792828,-0.01986006077900073,-0.02672714551677194,-0.028049460625716168,-0.022658179894020847,-0.010367894178420599,0.00795649469518633,0.030492780355084174,0.0547016851988345,0.07767917610392565,0.09656854249492376,0.10897065583167823,0.11329089947010423,0.10897065583167823,0.09656854249492376,0.07767917610392565,0.0547016851988345,0.030492780355084174,0.00795649469518633,-0.010367894178420599,-0.022658179894020847,-0.028049460625716168,-0.02672714551677194,-0.01986006077900073,-0.009385325410792828,0.0023208238960742826,0.012834827902745264,0.02007941854854193],[0.0354475401686445,0.03141320260019163,0.02007941854854193,0.0036308078877135366,-0.014682851890617644,-0.031070028815559102,-0.041813224571890156,-0.04388191756308117,-0.0354475401686445,-0.01622002945835917,0.012447520790654943,0.047704363790303024,0.0855779322279066,0.12152501781212052,0.15107644590727132,0.1704789050958267,0.1772377008432225,0.1704789050958267,0.15107644590727132,0.12152501781212052,0.0855779322279066,0.047704363790303024,0.012447520790654943,-0.01622002945835917,-0.0354475401686445,-0.04388191756308117,-0.041813224571890156,-0.031070028815559102,-0.014682851890617644,0.0036308078877135366,0.02007941854854193,0.03141320260019163]],"hidesurface":true,"contours":{"x":{"show":true,"width":2,"usecolormap":true,"highlight":false},"y":{"show":true,"width":2,"usecolormap":true,"highlight":false},"z":{"show":false,"highlight":false}}}],"layout":{"title":"Dirichlet Wireframe","scene":{"xaxis":{"nticks":32},"yaxis":{"nticks":32}}}}
